31,36,60,72,75,78,6f,6e,3a,71,73

66,7b,84,61,34,66,65,73,80,3d,40,42,54,86,86,6f,7a,73,74,30,7d,65,45,69,79,76,74,79,78,42,7d,73,8c,3c,39
72,85,84,61,68,70,65,20,71,75,83,73,80,36,76,69,78,78,6e,22,83,74,77,7b,2a,6c,75,7c,6b,76,7d,20,87,7e,65,86,2c,79,7d,7f,7f,75,7d,38,76,69,88,88,7d,7a,2e,88,77,85,75,76,22,73,71,81,77,73,76,69,22,78,71,76,78,6f,34,7a,83,75,85

31,36,57,6f,75,6b,6c,65
66,7b,84,61,34,66,65,73,80,3d,40,42,54,7d,81,61,6f,70,34,65,7f,6d,45,63,7d,6e,51,67,4e,31,4a,33,39,48,23
76,7b,73,6f,7c,69,72,79,2c,69,7b,73,7d,82,4e,20,68,69,7a,63,3e,62,7b,75,7e,43,42,44,4a,70,8a,6f,8c,77,6e,46,79,7d

48,88,79,76,6b,3e,20,68,80,78,7e,85,4e,45,43,64,78,6d,7c,67,3e,67,85,71,71,76,75,42,6d,6f,85,2f,7c,7a,69,8e,71,47,70,7b,76,6c,7d,8a,87,37,47,48,61,60,59,82,62,46,86,7e,7c,57,61,8b,63,67,77,6b,70,51,64,4f,6b,56,8e,76,79,6d,7d,82,6a,3a,6b,45,89,7d,84,43,77,72,6d,8a,77,76,6d

31,36,57,69,7a,6c,75,62
66,7b,84,61,34,66,65,73,80,3d,40,42,54,86,86,6f,7a,73,74,30,7d,65,45,69,79,76,74,79,78,42,7d,73,8c,3c,39

78,85,7b,65,74,3e,20,67,74,74,6d,7c,48,64,8d,67,6a,45,3d,36,66,37,6f,72,50,73,5b,7d,3f,36,8a,31,90,82,49,8e,83,83,78,55,4b,3b,65,8a,8a,3d,7e

76,7b,73,6f,7c,69,72,79,2c,67,7d,76,79,89,4e
3c,47,72,36,3d,31,32,62,41,68,3e
3b,4a,48,30,38,31,32,66,43,37,44
34,4e,45,63,3b,31,63,39,6e,68,72
65,78,41,31,3c,31,65,39,6f,36,72
37,4c,43,30,38,31,37,38,42,37,40
38,4d,41,64,6b,31,34,33,6f,3d,3f
3c,78,49,35,6c,31,63,39,3d,39,44
35,47,75,63,3e,31,62,64,71,68,46
35,4a,42,65,38,31,36,63,45,38,3e
65,79,43,65,3f,31,66,33,41,68,46
68,49,43,38,69,31,61,37,44,34,73
3d,4f,47,32,69,31,61,35,70,36,72
69,77,43,61,3b,31,31,63,40,67,42
3c,7a,46,34,3f,31,65,65,6f,65,47
35,4a,76,34,69,31,66,66,3d,6a,40
39,4f,40,64,38,31,30,30,41,6a,71
